## C. Tremonti, 2005 -- converted from AJ ASCII table to sextractor format
##
# 1 ID
# 2 Name
# 3 cz (km/s)
# 4 e_bv_real
# 5 e_bv_est
# 6 oh_kd02  [12+log(O/H)]
# 7 oh_z94   " 
# 8 oh_m91   " 
# 9 oh_c01   "
# 10 l_ha     log(L/L_sun)
# 11 l_o2    "
# 12 sfr_ha_k98  
# 13 sfr_o2_k98
# 14 sfr_o2_eq4
# 15 sfr_o2_eq15
# 16 sfr_o2_eq18
##
2	A00289+0556	2055	0.30	0.20	8.71	8.73	8.57	8.85	6.93	7.15	0.26	0.41	0.36	0.29	0.19
4	A00389-0159	5302	0.47	0.37	8.94	9.09	8.90	9.25	8.22	8.12	4.99	2.68	3.32	6.84	3.21
5	A00442+3224	4859	0.40	0.38	8.92	8.94	8.78	8.82	8.02	8.02	3.19	2.48	2.64	3.12	2.63
9	A01047+1625	158	0.16	0.00	-999	-999	8.15	8.61	4.69	4.84	0.001	0.003	0.002	0.001	0.0002
12	A01123-0046	10184	0.64	0.46	8.96	8.96	8.80	8.84	8.83	8.80	20.31	9.18	16.03	20.26	9.51
15	A01300+1804	686	0.16	0.00	-999	-999	8.04	8.63	5.85	5.93	0.02	0.03	0.02	0.02	0.01
16	A01344+2838	7756	0.46	0.48	8.78	8.76	8.62	8.80	8.36	8.53	6.93	7.06	8.49	7.26	7.67
17	A01346+0438	3158	0.32	0.30	8.77	8.80	8.66	8.81	7.42	7.56	0.80	1.01	0.91	0.82	0.76
19	NGC_695		9705	0.80	0.58	8.89	8.93	8.76	8.90	9.54	9.58	104.19	39.26	96.36	111.49	47.36
21	A02008+2350	2669	0.30	0.30	8.80	8.88	8.73	8.83	7.49	7.55	0.93	1.04	0.90	0.94	0.91
23	IC_197		6332	0.45	0.41	8.87	8.83	8.69	8.76	8.18	8.26	4.57	3.81	4.57	4.31	3.54
24	IC_1776		3405	0.20	0.39	8.54	8.58	8.49	8.68	7.48	7.71	0.91	1.83	1.30	0.98	1.82
25	A02056+1444	4405	0.47	0.33	8.90	8.98	8.81	8.91	8.00	7.99	3.01	1.98	2.46	3.24	1.72
28	A02257-0134	1762	0.25	0.11	8.72	8.91	8.72	9.06	6.60	6.70	0.12	0.16	0.13	0.14	0.07
32	A02493-0122	1508	0.06	0.07	8.85	9.04	8.89	8.73	6.50	6.22	0.10	0.08	0.04	0.07	0.06
34	A03202-0205	8227	0.44	0.46	8.93	8.83	8.64	9.04	8.26	8.43	5.44	5.92	6.83	6.47	6.20
41	NGC_2799	1882	0.31	0.17	8.84	8.92	8.76	8.89	7.02	7.07	0.32	0.33	0.30	0.34	0.19
43	NGC_2844	1486	0.39	0.10	8.81	8.82	8.60	9.17	6.74	6.94	0.17	0.21	0.22	0.20	0.06
45	NGC_3009	4666	0.32	0.25	8.93	9.05	8.86	9.23	7.44	7.40	0.83	0.69	0.63	1.08	0.62
46	IC_2520		1226	0.49	0.16	8.84	8.86	8.71	8.81	7.28	7.36	0.57	0.45	0.58	0.57	0.17
47	A09557+4758	1172	0.04	0.23	8.44	8.52	8.50	8.56	6.62	6.76	0.13	0.28	0.14	0.11	0.21
48	NGC_3075	3566	0.16	0.30	8.97	9.08	8.90	8.94	7.42	7.28	0.79	0.73	0.48	0.90	1.19
49	A09579+0439	4185	0.49	0.30	8.76	8.76	8.60	8.87	7.69	7.89	1.49	1.52	1.96	1.67	0.76
50	NGC_3104	604	0.03	0.10	8.19	-999	8.06	8.61	6.16	6.24	0.04	0.09	0.04	0.03	0.05
51	A10042+4716	571	0.06	0.00	8.54	8.72	8.62	8.67	5.59	5.70	0.01	0.02	0.01	0.01	0.01
53	A10114+0716	1228	0.08	0.17	-999	-999	8.13	8.63	6.49	6.63	0.09	0.19	0.11	0.08	0.11
55	A10171+3853	2008	0.09	0.17	8.85	8.96	8.79	8.91	6.63	6.64	0.13	0.20	0.11	0.14	0.17
57	NGC_3264	929	0.02	0.21	8.50	8.64	8.60	8.55	6.61	6.65	0.12	0.22	0.11	0.08	0.20
59	A10321+4649	3338	0.31	0.17	9.06	9.21	9.02	9.31	7.38	7.06	0.72	0.32	0.29	1.41	0.34
60	A10337+1358	2997	0.46	0.21	8.89	8.99	8.81	8.98	7.51	7.51	0.97	0.68	0.82	1.12	0.38
61	IC_2591		6755	0.21	0.49	8.79	8.80	8.67	8.75	8.01	8.11	3.08	4.41	3.23	2.91	8.02
62	A10365+4812	854	0.02	0.00	8.25	-999	8.05	8.56	5.80	5.86	0.02	0.04	0.02	0.01	0.01
63	A10368+4811	1534	0.13	0.16	8.14	-999	8.26	8.57	6.47	6.68	0.09	0.20	0.12	0.09	0.09
69	A10504+0454	5793	0.24	0.43	8.91	8.92	8.77	8.78	7.94	7.93	2.62	2.81	2.15	2.41	4.96
70	NGC_3454	1153	0.24	0.09	8.79	8.89	8.74	8.80	6.57	6.62	0.11	0.13	0.10	0.11	0.06
71	A10592+1652	2936	0.16	0.25	8.52	8.62	8.53	8.65	6.90	7.09	0.24	0.48	0.31	0.23	0.32
73	NGC_3510	704	0.05	0.16	8.43	8.62	8.56	8.58	6.43	6.51	0.08	0.16	0.08	0.06	0.10
76	A11040+5130	2204	0.07	0.28	8.74	8.83	8.69	8.75	6.96	7.03	0.28	0.50	0.27	0.26	0.57
77	IC_673		3851	0.40	0.26	8.96	9.04	8.87	8.98	7.65	7.58	1.36	0.89	0.96	1.57	0.74
79	A11072+1302	12743	0.32	0.62	8.79	8.85	8.71	8.79	8.73	8.80	16.24	17.57	16.07	15.74	47.31
82	NGC_3633	2553	0.88	0.12	8.91	8.95	8.75	9.17	7.87	7.94	2.23	0.77	2.22	2.72	0.13
88	A11336+5829	1225	0.12	0.10	8.46	8.57	8.50	8.63	6.21	6.41	0.05	0.11	0.06	0.05	0.04
89	NGC_3795A	1154	0.02	0.15	8.62	8.91	8.77	8.79	6.31	6.42	0.06	0.13	0.07	0.07	0.11
90	A11372+2012	10964	0.30	0.58	8.92	8.96	8.80	8.85	8.64	8.63	13.13	12.29	10.67	13.19	35.39
91	NGC_3795	1091	0.29	0.01	8.72	8.82	8.66	8.84	6.28	6.42	0.06	0.08	0.07	0.06	0.02
92	A11378+2840	1821	0.16	0.16	8.61	8.66	8.55	8.70	6.54	6.73	0.10	0.21	0.13	0.10	0.10
93	A11392+1615	786	0.06	0.02	8.62	8.65	8.59	8.59	5.94	6.00	0.03	0.05	0.02	0.02	0.02
94	NGC_3846	1396	0.02	0.25	8.59	8.71	8.61	8.66	6.67	6.81	0.14	0.32	0.16	0.12	0.32
96	A11476+4220	1033	0.24	0.01	8.91	9.02	8.84	8.94	6.35	6.30	0.07	0.07	0.05	0.08	0.03
98	IC_746		5027	0.32	0.39	8.66	8.66	8.54	8.73	7.68	7.90	1.46	2.21	1.99	1.54	1.89
100	NGC_3978	9978	0.41	0.56	9.02	9.13	8.95	9.11	8.93	8.74	25.74	12.71	13.95	35.60	38.74
103	NGC_4034	2384	0.02	0.12	8.91	9.17	8.99	9.22	6.41	6.32	0.08	0.10	0.05	0.17	0.14
104	A11592+6237	1120	0.02	0.14	8.22	-999	8.18	8.54	6.23	6.38	0.05	0.12	0.06	0.04	0.07
105	A12001+6439	1447	0.33	0.19	8.83	8.87	8.73	8.77	7.13	7.17	0.41	0.40	0.37	0.38	0.23
107	NGC_4120	2251	0.15	0.26	8.69	8.80	8.68	8.72	7.04	7.12	0.33	0.51	0.33	0.30	0.47
109	NGC_4141	1980	0.08	0.37	8.53	8.63	8.56	8.61	7.27	7.39	0.57	1.13	0.62	0.47	1.51
110	NGC_4159	1761	0.30	0.21	8.64	8.77	8.65	8.72	7.09	7.20	0.37	0.45	0.40	0.34	0.24
112	NGC_4238	2771	0.15	0.33	8.75	8.82	8.69	8.73	7.29	7.35	0.59	0.89	0.56	0.52	1.07
113	NGC_4248	484	0.33	0.00	8.70	8.74	8.60	8.80	5.89	6.08	0.02	0.03	0.03	0.03	0.00
114	A12167+4938	3639	0.34	0.31	8.74	8.76	8.61	8.82	7.48	7.66	0.91	1.20	1.14	0.98	0.80
116	NGC_4288	532	0.13	0.08	8.58	8.55	8.48	8.63	6.16	6.38	0.04	0.10	0.06	0.04	0.03
121	A12295+4007	685	0.02	0.00	7.94	-999	7.90	8.57	5.87	5.84	0.02	0.03	0.02	0.01	0.01
123	A12304+3754	503	0.02	0.04	8.53	8.70	8.60	8.67	5.88	6.00	0.02	0.05	0.03	0.02	0.02
124	NGC_4509	907	0.04	0.17	8.22	-999	8.15	8.51	6.50	6.55	0.09	0.18	0.09	0.07	0.11
125	A12331+7230	6959	0.46	0.41	8.85	8.92	8.75	8.90	8.23	8.29	5.13	4.06	4.95	5.54	4.32
126	A12446+5155	502	0.02	0.00	-999    -999	8.02	8.66	5.63	5.74	0.01	0.03	0.01	0.01	0.01
127	NGC_4758	1244	0.42	0.13	8.57	8.69	8.54	8.81	6.87	7.11	0.23	0.29	0.32	0.25	0.08
135	A13194+4232	3396	0.29	0.27	8.83	8.95	8.77	8.98	7.33	7.38	0.64	0.72	0.61	0.73	0.61
140	NGC_5230	6855	0.35	0.54	8.88	8.92	8.76	8.88	8.53	8.57	10.19	9.82	9.47	10.74	19.85
141	A13361+3323	2364	0.17	0.29	8.41	8.51	8.47	8.59	7.04	7.24	0.33	0.66	0.44	0.33	0.46
143	A13422+3526	2502	0.33	0.16	8.70	8.77	8.62	8.82	6.87	7.05	0.23	0.30	0.28	0.24	0.12
148	NGC_5425	2062	0.25	0.19	8.76	8.85	8.71	8.80	6.96	7.04	0.28	0.35	0.28	0.27	0.21
153	NGC_5541	7698	0.48	0.50	8.94	8.98	8.80	9.01	8.62	8.64	12.53	8.82	11.03	14.53	13.64
155	NGC_5608	662	0.02	0.00	8.33	-999	7.99	8.67	5.68	5.75	0.01	0.03	0.01	0.01	0.01
156	A14305+1149	2234	0.13	0.25	8.77	8.84	8.69	8.78	6.95	7.03	0.27	0.45	0.27	0.26	0.41
158	NGC_5762	1788	0.10	0.19	8.83	8.82	8.68	8.75	6.64	6.73	0.13	0.23	0.13	0.12	0.16
159	A14489+3547	1215    0.02	0.24	8.31	-999	8.09	8.42	6.76	6.78	0.17	0.29	0.15	0.10	0.28
161	IC_1066		1613	0.49	0.14	8.72	8.71	8.50	9.04	7.01	7.28	0.31	0.37	0.48	0.39	0.09
165	NGC_5874	3128	0.52	0.25	8.80	8.78	8.57	9.11	7.55	7.77	1.07	1.10	1.50	1.31	0.41
166	NGC_5875A	2470	0.13	0.20	8.92	9.02	8.86	8.89	6.93	6.85	0.26	0.29	0.18	0.27	0.31
168	IC_1124		5242	0.64	0.24	8.97	9.08	8.89	9.22	8.03	7.95	3.22	1.27	2.23	4.33	0.65
170	A15314+6744	6461	0.23	0.36	8.99	9.08	8.90	8.95	7.78	7.64	1.84	1.48	1.10	2.10	2.56
171	NGC_5993	9578	0.27	0.50	9.02	9.09	8.92	8.92	8.43	8.25	8.11	5.45	4.46	9.05	15.73
174	NGC_6007	10548	0.33	0.52	8.94	9.04	8.86	9.00	8.49	8.43	9.27	7.32	6.75	10.93	16.80
175	A15523+1645	2191	0.27	0.24	8.62	8.59	8.47	8.74	6.98	7.25	0.29	0.55	0.45	0.34	0.28
179	NGC_6131	5054	0.13	0.34	8.99	9.13	8.95	9.13	7.57	7.39	1.11	1.00	0.62	1.55	2.14
181	NGC_7077	1142	0.15	0.13	8.55	8.56	8.52	8.56	6.50	6.62	0.10	0.16	0.10	0.08	0.07
183	A22306+0750	1995	0.57	0.16	8.87	8.95	8.77	8.99	7.46	7.51	0.86	0.54	0.82	0.99	0.20
186	A22426+0610	1925	0.16	0.25	8.81	8.92	8.78	8.71	7.17	7.08	0.44	0.46	0.30	0.34	0.45
187	A22551+1931N	5682	0.61	0.30	8.90	8.93	8.77	8.80	8.12	8.12	4.01	2.00	3.32	3.79	1.12
189	NGC_7460	3296	0.48	0.31	8.97	9.10	8.91	9.13	8.01	7.90	3.12	1.58	1.98	4.14	1.56
190	NGC_7537	2648	0.41	0.31	8.93	8.96	8.79	8.87	7.79	7.80	1.87	1.43	1.57	1.94	1.23
192	A23176+1541	4380	0.49	0.34	8.81	8.84	8.69	8.81	7.95	8.06	2.71	2.24	2.87	2.74	1.56
193	NGC_7620	9565	0.56	0.59	8.88	8.92	8.76	8.85	9.11	9.14	38.98	23.30	34.87	39.65	41.12
195	IC_1504		6306	0.92	0.35	8.78	8.77	8.57	9.04	8.69	8.92	14.86	6.76	20.94	18.08	2.05
196	NGC_7752	4902	0.37	0.42	8.97	9.04	8.87	8.84	8.25	8.12	5.43	3.31	3.32	5.30	5.71
198	A23542+1633	1788	0.11	0.26	8.11	-999	8.08	8.56	6.97	7.03	0.28	0.46	0.27	0.20	0.38
