# Bin locations and Gauss-Legendre weights from setup.f
#  1996/11/ 5  21:19:18
#  v_max = 18000.
#  min radial spacing = 100.
# Numbers of (r, mu, phi) bins
   52  32  32
# IRAS selection function parameters used:
#   alpha=0.429  beta=1.863  x*=1.68  v_lum_min=500.
# radial bin locations
   0.
    100.0000
     202.341
     304.681
     407.022
     509.363
     612.271
     721.043
     835.421
     955.227
     1080.35
     1210.73
     1346.37
     1487.31
     1633.64
     1785.48
     1943.02
     2106.47
     2276.08
     2452.16
     2635.06
     2825.18
     3022.97
     3228.93
     3443.63
     3667.72
     3901.89
     4146.94
     4403.75
     4673.29
     4956.66
     5255.06
     5569.86
     5902.56
     6254.87
     6628.67
     7026.10
     7449.57
     7901.78
     8385.80
     8905.11
     9463.67
    10066.01
     10717.3
     11423.5
     12191.5
     13029.3
     13946.2
     14952.9
     16062.3
     17289.4
     18652.1
# mu bin locations, weights
   -0.997264    7.01861E-03
   -0.985611    1.62744E-02
   -0.964762    2.53921E-02
   -0.934906    3.42739E-02
   -0.896321    4.28359E-02
   -0.849368    5.09981E-02
   -0.794484    5.86841E-02
   -0.732182    6.58222E-02
   -0.663044    7.23458E-02
   -0.587716    7.81939E-02
   -0.506900    8.33119E-02
   -0.421351    8.76521E-02
   -0.331869    9.11739E-02
   -0.239287    9.38444E-02
   -0.144472    9.56387E-02
    -4.83077E-02    9.65401E-02
     4.83077E-02    9.65401E-02
    0.144472    9.56387E-02
    0.239287    9.38444E-02
    0.331869    9.11739E-02
    0.421351    8.76521E-02
    0.506900    8.33119E-02
    0.587716    7.81939E-02
    0.663044    7.23458E-02
    0.732182    6.58222E-02
    0.794484    5.86841E-02
    0.849368    5.09981E-02
    0.896321    4.28359E-02
    0.934906    3.42739E-02
    0.964762    2.53921E-02
    0.985611    1.62744E-02
    0.997264    7.01861E-03
# phi bin locations
   0.
     11.2500
     22.5000
     33.7500
     45.0000
     56.2500
     67.5000
     78.7500
     90.0000
    101.2500
     112.500
     123.750
     135.000
     146.250
     157.500
     168.750
     180.000
     191.250
     202.500
     213.750
     225.000
     236.250
     247.500
     258.750
     270.000
     281.250
     292.500
     303.750
     315.000
     326.250
     337.500
     348.750
